(kicad_pcb (version 4) (host pcbnew 4.0.7)

  (general
    (links 240)
    (no_connects 1)
    (area 182.895457 21.96998 248.269543 54.230019)
    (thickness 1.6)
    (drawings 129)
    (tracks 932)
    (zones 0)
    (modules 135)
    (nets 102)
  )

  (page A4)
  (layers
    (0 F.Cu signal)
    (31 B.Cu signal)
    (36 B.SilkS user)
    (37 F.SilkS user)
    (38 B.Mask user)
    (39 F.Mask user)
    (44 Edge.Cuts user)
  )

  (setup
    (last_trace_width 0.1524)
    (user_trace_width 0.1524)
    (user_trace_width 0.3048)
    (user_trace_width 0.635)
    (trace_clearance 0.1524)
    (zone_clearance 0.1524)
    (zone_45_only no)
    (trace_min 0.1524)
    (segment_width 0.3048)
    (edge_width 0.15)
    (via_size 0.6858)
    (via_drill 0.3302)
    (via_min_size 0.6858)
    (via_min_drill 0.3302)
    (uvia_size 0.6858)
    (uvia_drill 0.3302)
    (uvias_allowed no)
    (uvia_min_size 0)
    (uvia_min_drill 0)
    (pcb_text_width 0.3)
    (pcb_text_size 1.5 1.5)
    (mod_edge_width 0.15)
    (mod_text_size 1 1)
    (mod_text_width 0.15)
    (pad_size 1.524 1.524)
    (pad_drill 0.762)
    (pad_to_mask_clearance 0.0254)
    (aux_axis_origin 0 0)
    (visible_elements 7FFFFFFF)
    (pcbplotparams
      (layerselection 0x00030_80000001)
      (usegerberextensions false)
      (excludeedgelayer true)
      (linewidth 0.100000)
      (plotframeref false)
      (viasonmask false)
      (mode 1)
      (useauxorigin false)
      (hpglpennumber 1)
      (hpglpenspeed 20)
      (hpglpendiameter 15)
      (hpglpenoverlay 2)
      (psnegative false)
      (psa4output false)
      (plotreference true)
      (plotvalue true)
      (plotinvisibletext false)
      (padsonsilk false)
      (subtractmaskfromsilk false)
      (outputformat 4)
      (mirror false)
      (drillshape 2)
      (scaleselection 1)
      (outputdirectory ""))
  )

  (net 0 "")
  (net 1 "Net-(C1-Pad1)")
  (net 2 "Net-(C1-Pad2)")
  (net 3 "Net-(C2-Pad1)")
  (net 4 "Net-(C2-Pad2)")
  (net 5 "Net-(C3-Pad1)")
  (net 6 "Net-(C3-Pad2)")
  (net 7 "Net-(C4-Pad1)")
  (net 8 "Net-(C4-Pad2)")
  (net 9 "Net-(C5-Pad1)")
  (net 10 "Net-(C5-Pad2)")
  (net 11 "Net-(C6-Pad1)")
  (net 12 "Net-(C6-Pad2)")
  (net 13 "Net-(C7-Pad1)")
  (net 14 "Net-(C7-Pad2)")
  (net 15 "Net-(C8-Pad1)")
  (net 16 "Net-(C8-Pad2)")
  (net 17 GND)
  (net 18 VCC)
  (net 19 "Net-(Q1-Pad1)")
  (net 20 HT)
  (net 21 "Net-(Q10-Pad3)")
  (net 22 "Net-(Q11-Pad3)")
  (net 23 "Net-(Q12-Pad3)")
  (net 24 "Net-(Q13-Pad3)")
  (net 25 "Net-(Q14-Pad3)")
  (net 26 "Net-(Q15-Pad3)")
  (net 27 "Net-(Q16-Pad3)")
  (net 28 "Net-(Q9-Pad1)")
  (net 29 "Net-(Q10-Pad1)")
  (net 30 "Net-(Q11-Pad1)")
  (net 31 "Net-(Q12-Pad1)")
  (net 32 "Net-(Q13-Pad1)")
  (net 33 "Net-(Q14-Pad1)")
  (net 34 "Net-(Q15-Pad1)")
  (net 35 "Net-(Q16-Pad1)")
  (net 36 "Net-(Q17-Pad1)")
  (net 37 KO0)
  (net 38 "Net-(Q18-Pad1)")
  (net 39 KO1)
  (net 40 "Net-(Q19-Pad1)")
  (net 41 KO2)
  (net 42 "Net-(Q20-Pad1)")
  (net 43 KO3)
  (net 44 "Net-(Q21-Pad1)")
  (net 45 KO4)
  (net 46 "Net-(Q22-Pad1)")
  (net 47 KO5)
  (net 48 "Net-(Q23-Pad1)")
  (net 49 KO6)
  (net 50 "Net-(Q24-Pad1)")
  (net 51 KO7)
  (net 52 "Net-(R9-Pad2)")
  (net 53 "Net-(R10-Pad2)")
  (net 54 "Net-(R11-Pad2)")
  (net 55 "Net-(R12-Pad2)")
  (net 56 "Net-(R13-Pad2)")
  (net 57 "Net-(R14-Pad2)")
  (net 58 "Net-(R15-Pad2)")
  (net 59 "Net-(R16-Pad2)")
  (net 60 AI0)
  (net 61 AO0)
  (net 62 AI1)
  (net 63 AO1)
  (net 64 AI2)
  (net 65 AO2)
  (net 66 AI3)
  (net 67 AO3)
  (net 68 AI4)
  (net 69 AO4)
  (net 70 AI5)
  (net 71 AO5)
  (net 72 AI6)
  (net 73 AO6)
  (net 74 AI7)
  (net 75 AO7)
  (net 76 KI0)
  (net 77 KI1)
  (net 78 KI2)
  (net 79 KI3)
  (net 80 KI4)
  (net 81 KI5)
  (net 82 KI6)
  (net 83 KI7)
  (net 84 "Net-(J3-Pad1)")
  (net 85 "Net-(J3-Pad2)")
  (net 86 "Net-(J3-Pad3)")
  (net 87 "Net-(J3-Pad4)")
  (net 88 "Net-(J3-Pad5)")
  (net 89 "Net-(J3-Pad6)")
  (net 90 "Net-(J3-Pad7)")
  (net 91 "Net-(J3-Pad8)")
  (net 92 "Net-(J7-Pad1)")
  (net 93 "Net-(J7-Pad3)")
  (net 94 "Net-(J7-Pad5)")
  (net 95 "Net-(J7-Pad7)")
  (net 96 "Net-(J7-Pad2)")
  (net 97 "Net-(J7-Pad4)")
  (net 98 "Net-(J7-Pad6)")
  (net 99 "Net-(J7-Pad8)")
  (net 100 AS)
  (net 101 KS)

  (net_class Default "Ceci est la Netclass par défaut"
    (clearance 0.1524)
    (trace_width 0.1524)
    (via_dia 0.6858)
    (via_drill 0.3302)
    (uvia_dia 0.6858)
    (uvia_drill 0.3302)
    (add_net AI0)
    (add_net AI1)
    (add_net AI2)
    (add_net AI3)
    (add_net AI4)
    (add_net AI5)
    (add_net AI6)
    (add_net AI7)
    (add_net AO0)
    (add_net AO1)
    (add_net AO2)
    (add_net AO3)
    (add_net AO4)
    (add_net AO5)
    (add_net AO6)
    (add_net AO7)
    (add_net AS)
    (add_net GND)
    (add_net HT)
    (add_net KI0)
    (add_net KI1)
    (add_net KI2)
    (add_net KI3)
    (add_net KI4)
    (add_net KI5)
    (add_net KI6)
    (add_net KI7)
    (add_net KO0)
    (add_net KO1)
    (add_net KO2)
    (add_net KO3)
    (add_net KO4)
    (add_net KO5)
    (add_net KO6)
    (add_net KO7)
    (add_net KS)
    (add_net "Net-(C1-Pad1)")
    (add_net "Net-(C1-Pad2)")
    (add_net "Net-(C2-Pad1)")
    (add_net "Net-(C2-Pad2)")
    (add_net "Net-(C3-Pad1)")
    (add_net "Net-(C3-Pad2)")
    (add_net "Net-(C4-Pad1)")
    (add_net "Net-(C4-Pad2)")
    (add_net "Net-(C5-Pad1)")
    (add_net "Net-(C5-Pad2)")
    (add_net "Net-(C6-Pad1)")
    (add_net "Net-(C6-Pad2)")
    (add_net "Net-(C7-Pad1)")
    (add_net "Net-(C7-Pad2)")
    (add_net "Net-(C8-Pad1)")
    (add_net "Net-(C8-Pad2)")
    (add_net "Net-(J3-Pad1)")
    (add_net "Net-(J3-Pad2)")
    (add_net "Net-(J3-Pad3)")
    (add_net "Net-(J3-Pad4)")
    (add_net "Net-(J3-Pad5)")
    (add_net "Net-(J3-Pad6)")
    (add_net "Net-(J3-Pad7)")
    (add_net "Net-(J3-Pad8)")
    (add_net "Net-(J7-Pad1)")
    (add_net "Net-(J7-Pad2)")
    (add_net "Net-(J7-Pad3)")
    (add_net "Net-(J7-Pad4)")
    (add_net "Net-(J7-Pad5)")
    (add_net "Net-(J7-Pad6)")
    (add_net "Net-(J7-Pad7)")
    (add_net "Net-(J7-Pad8)")
    (add_net "Net-(Q1-Pad1)")
    (add_net "Net-(Q10-Pad1)")
    (add_net "Net-(Q10-Pad3)")
    (add_net "Net-(Q11-Pad1)")
    (add_net "Net-(Q11-Pad3)")
    (add_net "Net-(Q12-Pad1)")
    (add_net "Net-(Q12-Pad3)")
    (add_net "Net-(Q13-Pad1)")
    (add_net "Net-(Q13-Pad3)")
    (add_net "Net-(Q14-Pad1)")
    (add_net "Net-(Q14-Pad3)")
    (add_net "Net-(Q15-Pad1)")
    (add_net "Net-(Q15-Pad3)")
    (add_net "Net-(Q16-Pad1)")
    (add_net "Net-(Q16-Pad3)")
    (add_net "Net-(Q17-Pad1)")
    (add_net "Net-(Q18-Pad1)")
    (add_net "Net-(Q19-Pad1)")
    (add_net "Net-(Q20-Pad1)")
    (add_net "Net-(Q21-Pad1)")
    (add_net "Net-(Q22-Pad1)")
    (add_net "Net-(Q23-Pad1)")
    (add_net "Net-(Q24-Pad1)")
    (add_net "Net-(Q9-Pad1)")
    (add_net "Net-(R10-Pad2)")
    (add_net "Net-(R11-Pad2)")
    (add_net "Net-(R12-Pad2)")
    (add_net "Net-(R13-Pad2)")
    (add_net "Net-(R14-Pad2)")
    (add_net "Net-(R15-Pad2)")
    (add_net "Net-(R16-Pad2)")
    (add_net "Net-(R9-Pad2)")
    (add_net VCC)
  )

  (module TSSOP-20_4.4x6.5mm_Pitch0.65mm_handsoldering (layer F.Cu) (tedit 5A7AC463) (tstamp 5A780128)
    (at 211.455 38.1)
    (descr "20-Lead Plastic Thin Shrink Small Outline (ST)-4.4 mm Body [TSSOP] (see Microchip Packaging Specification 00000049BS.pdf)")
    (tags "SSOP 0.65 handsoldering")
    (path /5A779AF9)
    (attr smd)
    (fp_text reference U9 (at 0.127 0) (layer F.SilkS)
      (effects (font (size 1 1) (thickness 0.15)))
    )
    (fp_text value 74LS541 (at 0 4.3) (layer F.Fab)
      (effects (font (size 1 1) (thickness 0.15)))
    )
    (fp_line (start -1.2 -3.25) (end 2.2 -3.25) (layer F.Fab) (width 0.15))
    (fp_line (start 2.2 -3.25) (end 2.2 3.25) (layer F.Fab) (width 0.15))
    (fp_line (start 2.2 3.25) (end -2.2 3.25) (layer F.Fab) (width 0.15))
    (fp_line (start -2.2 3.25) (end -2.2 -2.25) (layer F.Fab) (width 0.15))
    (fp_line (start -2.2 -2.25) (end -1.2 -3.25) (layer F.Fab) (width 0.15))
    (fp_line (start -3.95 -3.55) (end -3.95 3.55) (layer F.CrtYd) (width 0.05))
    (fp_line (start 3.95 -3.55) (end 3.95 3.55) (layer F.CrtYd) (width 0.05))
    (fp_line (start -3.95 -3.55) (end 3.95 -3.55) (layer F.CrtYd) (width 0.05))
    (fp_line (start -3.95 3.55) (end 3.95 3.55) (layer F.CrtYd) (width 0.05))
    (fp_line (start -2.225 3.45) (end 2.225 3.45) (layer F.SilkS) (width 0.15))
    (fp_line (start -3.75 -3.45) (end 2.225 -3.45) (layer F.SilkS) (width 0.15))
    (fp_text user %R (at 0 0) (layer F.Fab)
      (effects (font (size 0.8 0.8) (thickness 0.15)))
    )
    (pad 1 smd rect (at -3.25 -2.925) (size 2 0.4) (layers F.Cu F.Mask)
      (net 100 AS))
    (pad 2 smd rect (at -3.25 -2.275) (size 2 0.4) (layers F.Cu F.Mask)
      (net 84 "Net-(J3-Pad1)"))
    (pad 3 smd rect (at -3.25 -1.625) (size 2 0.4) (layers F.Cu F.Mask)
      (net 85 "Net-(J3-Pad2)"))
    (pad 4 smd rect (at -3.25 -0.975) (size 2 0.4) (layers F.Cu F.Mask)
      (net 86 "Net-(J3-Pad3)"))
    (pad 5 smd rect (at -3.25 -0.325) (size 2 0.4) (layers F.Cu F.Mask)
      (net 87 "Net-(J3-Pad4)"))
    (pad 6 smd rect (at -3.25 0.325) (size 2 0.4) (layers F.Cu F.Mask)
      (net 88 "Net-(J3-Pad5)"))
    (pad 7 smd rect (at -3.25 0.975) (size 2 0.4) (layers F.Cu F.Mask)
      (net 89 "Net-(J3-Pad6)"))
    (pad 8 smd rect (at -3.25 1.625) (size 2 0.4) (layers F.Cu F.Mask)
      (net 90 "Net-(J3-Pad7)"))
    (pad 9 smd rect (at -3.25 2.275) (size 2 0.4) (layers F.Cu F.Mask)
      (net 91 "Net-(J3-Pad8)"))
    (pad 10 smd rect (at -3.25 2.925) (size 2 0.4) (layers F.Cu F.Mask)
      (net 17 GND))
    (pad 11 smd rect (at 3.25 2.925) (size 2 0.4) (layers F.Cu F.Mask)
      (net 74 AI7))
    (pad 12 smd rect (at 3.25 2.275) (size 2 0.4) (layers F.Cu F.Mask)
      (net 72 AI6))
    (pad 13 smd rect (at 3.25 1.625) (size 2 0.4) (layers F.Cu F.Mask)
      (net 70 AI5))
    (pad 14 smd rect (at 3.25 0.975) (size 2 0.4) (layers F.Cu F.Mask)
      (net 68 AI4))
    (pad 15 smd rect (at 3.25 0.325) (size 2 0.4) (layers F.Cu F.Mask)
      (net 66 AI3))
    (pad 16 smd rect (at 3.25 -0.325) (size 2 0.4) (layers F.Cu F.Mask)
      (net 64 AI2))
    (pad 17 smd rect (at 3.25 -0.975) (size 2 0.4) (layers F.Cu F.Mask)
      (net 62 AI1))
    (pad 18 smd rect (at 3.25 -1.625) (size 2 0.4) (layers F.Cu F.Mask)
      (net 60 AI0))
    (pad 19 smd rect (at 3.25 -2.275) (size 2 0.4) (layers F.Cu F.Mask)
      (net 17 GND))
    (pad 20 smd rect (at 3.25 -2.925) (size 2 0.4) (layers F.Cu F.Mask)
      (net 18 VCC))
    (model ${KISYS3DMOD}/Housings_SSOP.3dshapes/TSSOP-20_4.4x6.5mm_Pitch0.65mm.wrl
      (at (xyz 0 0 0))
      (scale (xyz 1 1 1))
      (rotate (xyz 0 0 0))
    )
  )

  (module footprints:via (layer F.Cu) (tedit 5A79D0C5) (tstamp 5A7A019A)
    (at 207.518 45.974)
    (path /5A79D6EE)
    (fp_text reference J19 (at 0 0.5) (layer Dwgs.User) hide
      (effects (font (size 0.254 0.254) (thickness 0.0254)))
    )
    (fp_text value TEST_1P (at 0 -0.508) (layer F.Fab) hide
      (effects (font (size 0.254 0.254) (thickness 0.0254)))
    )
    (pad 1 thru_hole circle (at 0 0) (size 0.6858 0.6858) (drill 0.3302) (layers *.Cu)
      (net 17 GND))
  )

  (module footprints:via (layer F.Cu) (tedit 5A79D0C5) (tstamp 5A7A0160)
    (at 214.376 47.752)
    (path /5A79D6EE)
    (fp_text reference J19 (at 0 0.5) (layer Dwgs.User) hide
      (effects (font (size 0.254 0.254) (thickness 0.0254)))
    )
    (fp_text value TEST_1P (at 0 -0.508) (layer F.Fab) hide
      (effects (font (size 0.254 0.254) (thickness 0.0254)))
    )
    (pad 1 thru_hole circle (at 0 0) (size 0.6858 0.6858) (drill 0.3302) (layers *.Cu)
      (net 17 GND))
  )

  (module footprints:via (layer F.Cu) (tedit 5A79D0C5) (tstamp 5A7A015C)
    (at 214.376 46.736)
    (path /5A79D6EE)
    (fp_text reference J19 (at 0 0.5) (layer Dwgs.User) hide
      (effects (font (size 0.254 0.254) (thickness 0.0254)))
    )
    (fp_text value TEST_1P (at 0 -0.508) (layer F.Fab) hide
      (effects (font (size 0.254 0.254) (thickness 0.0254)))
    )
    (pad 1 thru_hole circle (at 0 0) (size 0.6858 0.6858) (drill 0.3302) (layers *.Cu)
      (net 17 GND))
  )

  (module footprints:via (layer F.Cu) (tedit 5A79D0C5) (tstamp 5A7A0158)
    (at 214.376 45.72)
    (path /5A79D6EE)
    (fp_text reference J19 (at 0 0.5) (layer Dwgs.User) hide
      (effects (font (size 0.254 0.254) (thickness 0.0254)))
    )
    (fp_text value TEST_1P (at 0 -0.508) (layer F.Fab) hide
      (effects (font (size 0.254 0.254) (thickness 0.0254)))
    )
    (pad 1 thru_hole circle (at 0 0) (size 0.6858 0.6858) (drill 0.3302) (layers *.Cu)
      (net 17 GND))
  )

  (module footprints:via (layer F.Cu) (tedit 5A79D0C5) (tstamp 5A7A0154)
    (at 214.376 42.672)
    (path /5A79D6EE)
    (fp_text reference J19 (at 0 0.5) (layer Dwgs.User) hide
      (effects (font (size 0.254 0.254) (thickness 0.0254)))
    )
    (fp_text value TEST_1P (at 0 -0.508) (layer F.Fab) hide
      (effects (font (size 0.254 0.254) (thickness 0.0254)))
    )
    (pad 1 thru_hole circle (at 0 0) (size 0.6858 0.6858) (drill 0.3302) (layers *.Cu)
      (net 17 GND))
  )

  (module footprints:via (layer F.Cu) (tedit 5A79D0C5) (tstamp 5A7A0150)
    (at 219.964 38.1)
    (path /5A79D6EE)
    (fp_text reference J19 (at 0 0.5) (layer Dwgs.User) hide
      (effects (font (size 0.254 0.254) (thickness 0.0254)))
    )
    (fp_text value TEST_1P (at 0 -0.508) (layer F.Fab) hide
      (effects (font (size 0.254 0.254) (thickness 0.0254)))
    )
    (pad 1 thru_hole circle (at 0 0) (size 0.6858 0.6858) (drill 0.3302) (layers *.Cu)
      (net 17 GND))
  )

  (module footprints:via (layer F.Cu) (tedit 5A79D0C5) (tstamp 5A7A014C)
    (at 214.63 32.766)
    (path /5A79D6EE)
    (fp_text reference J19 (at 0 0.5) (layer Dwgs.User) hide
      (effects (font (size 0.254 0.254) (thickness 0.0254)))
    )
    (fp_text value TEST_1P (at 0 -0.508) (layer F.Fab) hide
      (effects (font (size 0.254 0.254) (thickness 0.0254)))
    )
    (pad 1 thru_hole circle (at 0 0) (size 0.6858 0.6858) (drill 0.3302) (layers *.Cu)
      (net 17 GND))
  )

  (module footprints:via (layer F.Cu) (tedit 5A79D0C5) (tstamp 5A7A0148)
    (at 214.63 31.242)
    (path /5A79D6EE)
    (fp_text reference J19 (at 0 0.5) (layer Dwgs.User) hide
      (effects (font (size 0.254 0.254) (thickness 0.0254)))
    )
    (fp_text value TEST_1P (at 0 -0.508) (layer F.Fab) hide
      (effects (font (size 0.254 0.254) (thickness 0.0254)))
    )
    (pad 1 thru_hole circle (at 0 0) (size 0.6858 0.6858) (drill 0.3302) (layers *.Cu)
      (net 17 GND))
  )

  (module footprints:via (layer F.Cu) (tedit 5A79D0C5) (tstamp 5A7A0144)
    (at 214.63 27.686)
    (path /5A79D6EE)
    (fp_text reference J19 (at 0 0.5) (layer Dwgs.User) hide
      (effects (font (size 0.254 0.254) (thickness 0.0254)))
    )
    (fp_text value TEST_1P (at 0 -0.508) (layer F.Fab) hide
      (effects (font (size 0.254 0.254) (thickness 0.0254)))
    )
    (pad 1 thru_hole circle (at 0 0) (size 0.6858 0.6858) (drill 0.3302) (layers *.Cu)
      (net 17 GND))
  )

  (module footprints:via (layer F.Cu) (tedit 5A79D0C5) (tstamp 5A7A0140)
    (at 209.55 31.75)
    (path /5A79D6EE)
    (fp_text reference J19 (at 0 0.5) (layer Dwgs.User) hide
      (effects (font (size 0.254 0.254) (thickness 0.0254)))
    )
    (fp_text value TEST_1P (at 0 -0.508) (layer F.Fab) hide
      (effects (font (size 0.254 0.254) (thickness 0.0254)))
    )
    (pad 1 thru_hole circle (at 0 0) (size 0.6858 0.6858) (drill 0.3302) (layers *.Cu)
      (net 17 GND))
  )

  (module footprints:via (layer F.Cu) (tedit 5A79D0C5) (tstamp 5A7A0138)
    (at 208.026 29.718)
    (path /5A79D6EE)
    (fp_text reference J19 (at 0 0.5) (layer Dwgs.User) hide
      (effects (font (size 0.254 0.254) (thickness 0.0254)))
    )
    (fp_text value TEST_1P (at 0 -0.508) (layer F.Fab) hide
      (effects (font (size 0.254 0.254) (thickness 0.0254)))
    )
    (pad 1 thru_hole circle (at 0 0) (size 0.6858 0.6858) (drill 0.3302) (layers *.Cu)
      (net 17 GND))
  )

  (module footprints:via (layer F.Cu) (tedit 5A79D0C5) (tstamp 5A7A0134)
    (at 203.2 30.226)
    (path /5A79D6EE)
    (fp_text reference J19 (at 0 0.5) (layer Dwgs.User) hide
      (effects (font (size 0.254 0.254) (thickness 0.0254)))
    )
    (fp_text value TEST_1P (at 0 -0.508) (layer F.Fab) hide
      (effects (font (size 0.254 0.254) (thickness 0.0254)))
    )
    (pad 1 thru_hole circle (at 0 0) (size 0.6858 0.6858) (drill 0.3302) (layers *.Cu)
      (net 17 GND))
  )

  (module footprints:via (layer F.Cu) (tedit 5A79D0C5) (tstamp 5A7A0130)
    (at 203.2 31.242)
    (path /5A79D6EE)
    (fp_text reference J19 (at 0 0.5) (layer Dwgs.User) hide
      (effects (font (size 0.254 0.254) (thickness 0.0254)))
    )
    (fp_text value TEST_1P (at 0 -0.508) (layer F.Fab) hide
      (effects (font (size 0.254 0.254) (thickness 0.0254)))
    )
    (pad 1 thru_hole circle (at 0 0) (size 0.6858 0.6858) (drill 0.3302) (layers *.Cu)
      (net 17 GND))
  )

  (module footprints:via (layer F.Cu) (tedit 5A79D0C5) (tstamp 5A7A0128)
    (at 203.2 32.258)
    (path /5A79D6EE)
    (fp_text reference J19 (at 0 0.5) (layer Dwgs.User) hide
      (effects (font (size 0.254 0.254) (thickness 0.0254)))
    )
    (fp_text value TEST_1P (at 0 -0.508) (layer F.Fab) hide
      (effects (font (size 0.254 0.254) (thickness 0.0254)))
    )
    (pad 1 thru_hole circle (at 0 0) (size 0.6858 0.6858) (drill 0.3302) (layers *.Cu)
      (net 17 GND))
  )

  (module footprints:via (layer F.Cu) (tedit 5A79D0C5) (tstamp 5A7A0124)
    (at 198.12 38.1)
    (path /5A79D6EE)
    (fp_text reference J19 (at 0 0.5) (layer Dwgs.User) hide
      (effects (font (size 0.254 0.254) (thickness 0.0254)))
    )
    (fp_text value TEST_1P (at 0 -0.508) (layer F.Fab) hide
      (effects (font (size 0.254 0.254) (thickness 0.0254)))
    )
    (pad 1 thru_hole circle (at 0 0) (size 0.6858 0.6858) (drill 0.3302) (layers *.Cu)
      (net 17 GND))
  )

  (module footprints:via (layer F.Cu) (tedit 5A79D0C5) (tstamp 5A7A0103)
    (at 209.042 45.974)
    (path /5A79D6EE)
    (fp_text reference J19 (at 0 0.5) (layer Dwgs.User) hide
      (effects (font (size 0.254 0.254) (thickness 0.0254)))
    )
    (fp_text value TEST_1P (at 0 -0.508) (layer F.Fab) hide
      (effects (font (size 0.254 0.254) (thickness 0.0254)))
    )
    (pad 1 thru_hole circle (at 0 0) (size 0.6858 0.6858) (drill 0.3302) (layers *.Cu)
      (net 17 GND))
  )

  (module footprints:via (layer F.Cu) (tedit 5A79D0C5) (tstamp 5A7A00FB)
    (at 209.804 45.212)
    (path /5A79D6EE)
    (fp_text reference J19 (at 0 0.5) (layer Dwgs.User) hide
      (effects (font (size 0.254 0.254) (thickness 0.0254)))
    )
    (fp_text value TEST_1P (at 0 -0.508) (layer F.Fab) hide
      (effects (font (size 0.254 0.254) (thickness 0.0254)))
    )
    (pad 1 thru_hole circle (at 0 0) (size 0.6858 0.6858) (drill 0.3302) (layers *.Cu)
      (net 17 GND))
  )

  (module footprints:via (layer F.Cu) (tedit 5A79D0C5) (tstamp 5A7A00F7)
    (at 208.28 45.212)
    (path /5A79D6EE)
    (fp_text reference J19 (at 0 0.5) (layer Dwgs.User) hide
      (effects (font (size 0.254 0.254) (thickness 0.0254)))
    )
    (fp_text value TEST_1P (at 0 -0.508) (layer F.Fab) hide
      (effects (font (size 0.254 0.254) (thickness 0.0254)))
    )
    (pad 1 thru_hole circle (at 0 0) (size 0.6858 0.6858) (drill 0.3302) (layers *.Cu)
      (net 17 GND))
  )

  (module footprints:via (layer F.Cu) (tedit 5A79D0C5) (tstamp 5A7A00F3)
    (at 203.454 42.926)
    (path /5A79D6EE)
    (fp_text reference J19 (at 0 0.5) (layer Dwgs.User) hide
      (effects (font (size 0.254 0.254) (thickness 0.0254)))
    )
    (fp_text value TEST_1P (at 0 -0.508) (layer F.Fab) hide
      (effects (font (size 0.254 0.254) (thickness 0.0254)))
    )
    (pad 1 thru_hole circle (at 0 0) (size 0.6858 0.6858) (drill 0.3302) (layers *.Cu)
      (net 17 GND))
  )

  (module footprints:via (layer F.Cu) (tedit 5A79D0C5) (tstamp 5A7A00EF)
    (at 203.454 43.942)
    (path /5A79D6EE)
    (fp_text reference J19 (at 0 0.5) (layer Dwgs.User) hide
      (effects (font (size 0.254 0.254) (thickness 0.0254)))
    )
    (fp_text value TEST_1P (at 0 -0.508) (layer F.Fab) hide
      (effects (font (size 0.254 0.254) (thickness 0.0254)))
    )
    (pad 1 thru_hole circle (at 0 0) (size 0.6858 0.6858) (drill 0.3302) (layers *.Cu)
      (net 17 GND))
  )

  (module Resistors_SMD:R_1206 (layer F.Cu) (tedit 5A79BE02) (tstamp 5A780016)
    (at 218.267264 31.044356 90)
    (descr "Resistor SMD 1206, reflow soldering, Vishay (see dcrcw.pdf)")
    (tags "resistor 1206")
    (path /5A77454C)
    (attr smd)
    (fp_text reference R17 (at -0.197644 0.172736 90) (layer F.SilkS)
      (effects (font (size 0.635 0.635) (thickness 0.1016)))
    )
    (fp_text value 10K (at 0 1.95 90) (layer F.Fab)
      (effects (font (size 1 1) (thickness 0.15)))
    )
    (fp_text user %R (at 0 0 90) (layer F.Fab)
      (effects (font (size 0.7 0.7) (thickness 0.105)))
    )
    (fp_line (start -1.6 0.8) (end -1.6 -0.8) (layer F.Fab) (width 0.1))
    (fp_line (start 1.6 0.8) (end -1.6 0.8) (layer F.Fab) (width 0.1))
    (fp_line (start 1.6 -0.8) (end 1.6 0.8) (layer F.Fab) (width 0.1))
    (fp_line (start -1.6 -0.8) (end 1.6 -0.8) (layer F.Fab) (width 0.1))
    (fp_line (start 1 1.07) (end -1 1.07) (layer F.SilkS) (width 0.12))
    (fp_line (start -1 -1.07) (end 1 -1.07) (layer F.SilkS) (width 0.12))
    (fp_line (start -2.15 -1.11) (end 2.15 -1.11) (layer F.CrtYd) (width 0.05))
    (fp_line (start -2.15 -1.11) (end -2.15 1.1) (layer F.CrtYd) (width 0.05))
    (fp_line (start 2.15 1.1) (end 2.15 -1.11) (layer F.CrtYd) (width 0.05))
    (fp_line (start 2.15 1.1) (end -2.15 1.1) (layer F.CrtYd) (width 0.05))
    (pad 1 smd rect (at -1.45 0 90) (size 0.9 1.7) (layers F.Cu F.Mask)
      (net 28 "Net-(Q9-Pad1)"))
    (pad 2 smd rect (at 1.45 0 90) (size 0.9 1.7) (layers F.Cu F.Mask)
      (net 60 AI0))
    (model ${KISYS3DMOD}/Resistors_SMD.3dshapes/R_1206.wrl
      (at (xyz 0 0 0))
      (scale (xyz 1 1 1))
      (rotate (xyz 0 0 0))
    )
  )

  (module Pin_Headers:Pin_Header_Straight_1x01_Pitch2.54mm (layer F.Cu) (tedit 59650532) (tstamp 5A7883EF)
    (at 200.66 26.67)
    (descr "Through hole straight pin header, 1x01, 2.54mm pitch, single row")
    (tags "Through hole pin header THT 1x01 2.54mm single row")
    (path /5A791120)
    (fp_text reference J13 (at 0 -2.33) (layer F.SilkS)
      (effects (font (size 1 1) (thickness 0.15)))
    )
    (fp_text value Conn_01x01 (at 0 2.33) (layer F.Fab)
      (effects (font (size 1 1) (thickness 0.15)))
    )
    (fp_line (start -0.635 -1.27) (end 1.27 -1.27) (layer F.Fab) (width 0.1))
    (fp_line (start 1.27 -1.27) (end 1.27 1.27) (layer F.Fab) (width 0.1))
    (fp_line (start 1.27 1.27) (end -1.27 1.27) (layer F.Fab) (width 0.1))
    (fp_line (start -1.27 1.27) (end -1.27 -0.635) (layer F.Fab) (width 0.1))
    (fp_line (start -1.27 -0.635) (end -0.635 -1.27) (layer F.Fab) (width 0.1))
    (fp_line (start -1.33 1.33) (end 1.33 1.33) (layer F.SilkS) (width 0.12))
    (fp_line (start -1.33 1.27) (end -1.33 1.33) (layer F.SilkS) (width 0.12))
    (fp_line (start 1.33 1.27) (end 1.33 1.33) (layer F.SilkS) (width 0.12))
    (fp_line (start -1.33 1.27) (end 1.33 1.27) (layer F.SilkS) (width 0.12))
    (fp_line (start -1.33 0) (end -1.33 -1.33) (layer F.SilkS) (width 0.12))
    (fp_line (start -1.33 -1.33) (end 0 -1.33) (layer F.SilkS) (width 0.12))
    (fp_line (start -1.8 -1.8) (end -1.8 1.8) (layer F.CrtYd) (width 0.05))
    (fp_line (start -1.8 1.8) (end 1.8 1.8) (layer F.CrtYd) (width 0.05))
    (fp_line (start 1.8 1.8) (end 1.8 -1.8) (layer F.CrtYd) (width 0.05))
    (fp_line (start 1.8 -1.8) (end -1.8 -1.8) (layer F.CrtYd) (width 0.05))
    (fp_text user %R (at 0 0 90) (layer F.Fab)
      (effects (font (size 1 1) (thickness 0.15)))
    )
    (pad 1 thru_hole rect (at 0 0) (size 1.7 1.7) (drill 1) (layers *.Cu *.Mask)
      (net 100 AS))
    (model ${KISYS3DMOD}/Pin_Headers.3dshapes/Pin_Header_Straight_1x01_Pitch2.54mm.wrl
      (at (xyz 0 0 0))
      (scale (xyz 1 1 1))
      (rotate (xyz 0 0 0))
    )
  )

  (module Resistors_SMD:R_1206 (layer B.Cu) (tedit 5A79CA5B) (tstamp 5A780010)
    (at 225.887264 45.168304 90)
    (descr "Resistor SMD 1206, reflow soldering, Vishay (see dcrcw.pdf)")
    (tags "resistor 1206")
    (path /5A776828)
    (attr smd)
    (fp_text reference R16 (at 0.210304 0 90) (layer B.SilkS)
      (effects (font (size 0.635 0.635) (thickness 0.1016)) (justify mirror))
    )
    (fp_text value 4.7K (at 0 -1.95 90) (layer B.Fab)
      (effects (font (size 1 1) (thickness 0.15)) (justify mirror))
    )
    (fp_text user %R (at 0 0 90) (layer B.Fab)
      (effects (font (size 0.7 0.7) (thickness 0.105)) (justify mirror))
    )
    (fp_line (start -1.6 -0.8) (end -1.6 0.8) (layer B.Fab) (width 0.1))
    (fp_line (start 1.6 -0.8) (end -1.6 -0.8) (layer B.Fab) (width 0.1))
    (fp_line (start 1.6 0.8) (end 1.6 -0.8) (layer B.Fab) (width 0.1))
    (fp_line (start -1.6 0.8) (end 1.6 0.8) (layer B.Fab) (width 0.1))
    (fp_line (start 1 -1.07) (end -1 -1.07) (layer B.SilkS) (width 0.12))
    (fp_line (start -1 1.07) (end 1 1.07) (layer B.SilkS) (width 0.12))
    (fp_line (start -2.15 1.11) (end 2.15 1.11) (layer B.CrtYd) (width 0.05))
    (fp_line (start -2.15 1.11) (end -2.15 -1.1) (layer B.CrtYd) (width 0.05))
    (fp_line (start 2.15 -1.1) (end 2.15 1.11) (layer B.CrtYd) (width 0.05))
    (fp_line (start 2.15 -1.1) (end -2.15 -1.1) (layer B.CrtYd) (width 0.05))
    (pad 1 smd rect (at -1.45 0 90) (size 0.9 1.7) (layers B.Cu B.Mask)
      (net 20 HT))
    (pad 2 smd rect (at 1.45 0 90) (size 0.9 1.7) (layers B.Cu B.Mask)
      (net 59 "Net-(R16-Pad2)"))
    (model ${KISYS3DMOD}/Resistors_SMD.3dshapes/R_1206.wrl
      (at (xyz 0 0 0))
      (scale (xyz 1 1 1))
      (rotate (xyz 0 0 0))
    )
  )

  (module Capacitors_SMD:C_1206 (layer F.Cu) (tedit 5A79BE50) (tstamp 5A77FE94)
    (at 234.142264 31.044356 90)
    (descr "Capacitor SMD 1206, reflow soldering, AVX (see smccp.pdf)")
    (tags "capacitor 1206")
    (path /5A774548)
    (attr smd)
    (fp_text reference C1 (at 0 0 90) (layer F.SilkS)
      (effects (font (size 0.635 0.635) (thickness 0.1016)))
    )
    (fp_text value 1n (at 0 2 90) (layer F.Fab)
      (effects (font (size 1 1) (thickness 0.15)))
    )
    (fp_text user %R (at 0 -1.75 90) (layer F.Fab)
      (effects (font (size 1 1) (thickness 0.15)))
    )
    (fp_line (start -1.6 0.8) (end -1.6 -0.8) (layer F.Fab) (width 0.1))
    (fp_line (start 1.6 0.8) (end -1.6 0.8) (layer F.Fab) (width 0.1))
    (fp_line (start 1.6 -0.8) (end 1.6 0.8) (layer F.Fab) (width 0.1))
    (fp_line (start -1.6 -0.8) (end 1.6 -0.8) (layer F.Fab) (width 0.1))
    (fp_line (start 1 -1.02) (end -1 -1.02) (layer F.SilkS) (width 0.12))
    (fp_line (start -1 1.02) (end 1 1.02) (layer F.SilkS) (width 0.12))
    (fp_line (start -2.25 -1.05) (end 2.25 -1.05) (layer F.CrtYd) (width 0.05))
    (fp_line (start -2.25 -1.05) (end -2.25 1.05) (layer F.CrtYd) (width 0.05))
    (fp_line (start 2.25 1.05) (end 2.25 -1.05) (layer F.CrtYd) (width 0.05))
    (fp_line (start 2.25 1.05) (end -2.25 1.05) (layer F.CrtYd) (width 0.05))
    (pad 1 smd rect (at -1.5 0 90) (size 1 1.6) (layers F.Cu F.Mask)
      (net 1 "Net-(C1-Pad1)"))
    (pad 2 smd rect (at 1.5 0 90) (size 1 1.6) (layers F.Cu F.Mask)
      (net 2 "Net-(C1-Pad2)"))
    (model Capacitors_SMD.3dshapes/C_1206.wrl
      (at (xyz 0 0 0))
      (scale (xyz 1 1 1))
      (rotate (xyz 0 0 0))
    )
  )

  (module Capacitors_SMD:C_1206 (layer B.Cu) (tedit 5A79CAF1) (tstamp 5A77FE9A)
    (at 234.142264 31.006834 270)
    (descr "Capacitor SMD 1206, reflow soldering, AVX (see smccp.pdf)")
    (tags "capacitor 1206")
    (path /5A775E1A)
    (attr smd)
    (fp_text reference C2 (at 0 0 270) (layer B.SilkS)
      (effects (font (size 0.635 0.635) (thickness 0.1016)) (justify mirror))
    )
    (fp_text value 1n (at 0 -2 270) (layer B.Fab)
      (effects (font (size 1 1) (thickness 0.15)) (justify mirror))
    )
    (fp_text user %R (at 0 1.75 270) (layer B.Fab)
      (effects (font (size 1 1) (thickness 0.15)) (justify mirror))
    )
    (fp_line (start -1.6 -0.8) (end -1.6 0.8) (layer B.Fab) (width 0.1))
    (fp_line (start 1.6 -0.8) (end -1.6 -0.8) (layer B.Fab) (width 0.1))
    (fp_line (start 1.6 0.8) (end 1.6 -0.8) (layer B.Fab) (width 0.1))
    (fp_line (start -1.6 0.8) (end 1.6 0.8) (layer B.Fab) (width 0.1))
    (fp_line (start 1 1.02) (end -1 1.02) (layer B.SilkS) (width 0.12))
    (fp_line (start -1 -1.02) (end 1 -1.02) (layer B.SilkS) (width 0.12))
    (fp_line (start -2.25 1.05) (end 2.25 1.05) (layer B.CrtYd) (width 0.05))
    (fp_line (start -2.25 1.05) (end -2.25 -1.05) (layer B.CrtYd) (width 0.05))
    (fp_line (start 2.25 -1.05) (end 2.25 1.05) (layer B.CrtYd) (width 0.05))
    (fp_line (start 2.25 -1.05) (end -2.25 -1.05) (layer B.CrtYd) (width 0.05))
    (pad 1 smd rect (at -1.5 0 270) (size 1 1.6) (layers B.Cu B.Mask)
      (net 3 "Net-(C2-Pad1)"))
    (pad 2 smd rect (at 1.5 0 270) (size 1 1.6) (layers B.Cu B.Mask)
      (net 4 "Net-(C2-Pad2)"))
    (model Capacitors_SMD.3dshapes/C_1206.wrl
      (at (xyz 0 0 0))
      (scale (xyz 1 1 1))
      (rotate (xyz 0 0 0))
    )
  )

  (module Capacitors_SMD:C_1206 (layer F.Cu) (tedit 5A79BE74) (tstamp 5A77FEA0)
    (at 234.142264 35.743356 90)
    (descr "Capacitor SMD 1206, reflow soldering, AVX (see smccp.pdf)")
    (tags "capacitor 1206")
    (path /5A7760EF)
    (attr smd)
    (fp_text reference C3 (at 0 0 90) (layer F.SilkS)
      (effects (font (size 0.635 0.635) (thickness 0.1016)))
    )
    (fp_text value 1n (at 0 2 90) (layer F.Fab)
      (effects (font (size 1 1) (thickness 0.15)))
    )
    (fp_text user %R (at 0 -1.75 90) (layer F.Fab)
      (effects (font (size 1 1) (thickness 0.15)))
    )
    (fp_line (start -1.6 0.8) (end -1.6 -0.8) (layer F.Fab) (width 0.1))
    (fp_line (start 1.6 0.8) (end -1.6 0.8) (layer F.Fab) (width 0.1))
    (fp_line (start 1.6 -0.8) (end 1.6 0.8) (layer F.Fab) (width 0.1))
    (fp_line (start -1.6 -0.8) (end 1.6 -0.8) (layer F.Fab) (width 0.1))
    (fp_line (start 1 -1.02) (end -1 -1.02) (layer F.SilkS) (width 0.12))
    (fp_line (start -1 1.02) (end 1 1.02) (layer F.SilkS) (width 0.12))
    (fp_line (start -2.25 -1.05) (end 2.25 -1.05) (layer F.CrtYd) (width 0.05))
    (fp_line (start -2.25 -1.05) (end -2.25 1.05) (layer F.CrtYd) (width 0.05))
    (fp_line (start 2.25 1.05) (end 2.25 -1.05) (layer F.CrtYd) (width 0.05))
    (fp_line (start 2.25 1.05) (end -2.25 1.05) (layer F.CrtYd) (width 0.05))
    (pad 1 smd rect (at -1.5 0 90) (size 1 1.6) (layers F.Cu F.Mask)
      (net 5 "Net-(C3-Pad1)"))
    (pad 2 smd rect (at 1.5 0 90) (size 1 1.6) (layers F.Cu F.Mask)
      (net 6 "Net-(C3-Pad2)"))
    (model Capacitors_SMD.3dshapes/C_1206.wrl
      (at (xyz 0 0 0))
      (scale (xyz 1 1 1))
      (rotate (xyz 0 0 0))
    )
  )

  (module Capacitors_SMD:C_1206 (layer B.Cu) (tedit 5A79CAF9) (tstamp 5A77FEA6)
    (at 234.142264 35.705834 270)
    (descr "Capacitor SMD 1206, reflow soldering, AVX (see smccp.pdf)")
    (tags "capacitor 1206")
    (path /5A776172)
    (attr smd)
    (fp_text reference C4 (at 0 0 270) (layer B.SilkS)
      (effects (font (size 0.635 0.635) (thickness 0.1016)) (justify mirror))
    )
    (fp_text value 1n (at 0 -2 270) (layer B.Fab)
      (effects (font (size 1 1) (thickness 0.15)) (justify mirror))
    )
    (fp_text user %R (at 0 1.75 270) (layer B.Fab)
      (effects (font (size 1 1) (thickness 0.15)) (justify mirror))
    )
    (fp_line (start -1.6 -0.8) (end -1.6 0.8) (layer B.Fab) (width 0.1))
    (fp_line (start 1.6 -0.8) (end -1.6 -0.8) (layer B.Fab) (width 0.1))
    (fp_line (start 1.6 0.8) (end 1.6 -0.8) (layer B.Fab) (width 0.1))
    (fp_line (start -1.6 0.8) (end 1.6 0.8) (layer B.Fab) (width 0.1))
    (fp_line (start 1 1.02) (end -1 1.02) (layer B.SilkS) (width 0.12))
    (fp_line (start -1 -1.02) (end 1 -1.02) (layer B.SilkS) (width 0.12))
    (fp_line (start -2.25 1.05) (end 2.25 1.05) (layer B.CrtYd) (width 0.05))
    (fp_line (start -2.25 1.05) (end -2.25 -1.05) (layer B.CrtYd) (width 0.05))
    (fp_line (start 2.25 -1.05) (end 2.25 1.05) (layer B.CrtYd) (width 0.05))
    (fp_line (start 2.25 -1.05) (end -2.25 -1.05) (layer B.CrtYd) (width 0.05))
    (pad 1 smd rect (at -1.5 0 270) (size 1 1.6) (layers B.Cu B.Mask)
      (net 7 "Net-(C4-Pad1)"))
    (pad 2 smd rect (at 1.5 0 270) (size 1 1.6) (layers B.Cu B.Mask)
      (net 8 "Net-(C4-Pad2)"))
    (model Capacitors_SMD.3dshapes/C_1206.wrl
      (at (xyz 0 0 0))
      (scale (xyz 1 1 1))
      (rotate (xyz 0 0 0))
    )
  )

  (module Capacitors_SMD:C_1206 (layer F.Cu) (tedit 5A79BF34) (tstamp 5A77FEAC)
    (at 234.142264 40.45855 90)
    (descr "Capacitor SMD 1206, reflow soldering, AVX (see smccp.pdf)")
    (tags "capacitor 1206")
    (path /5A776699)
    (attr smd)
    (fp_text reference C5 (at 0 0 90) (layer F.SilkS)
      (effects (font (size 0.635 0.635) (thickness 0.1016)))
    )
    (fp_text value 1n (at 0 2 90) (layer F.Fab)
      (effects (font (size 1 1) (thickness 0.15)))
    )
    (fp_text user %R (at 0 -1.75 90) (layer F.Fab)
      (effects (font (size 1 1) (thickness 0.15)))
    )
    (fp_line (start -1.6 0.8) (end -1.6 -0.8) (layer F.Fab) (width 0.1))
    (fp_line (start 1.6 0.8) (end -1.6 0.8) (layer F.Fab) (width 0.1))
    (fp_line (start 1.6 -0.8) (end 1.6 0.8) (layer F.Fab) (width 0.1))
    (fp_line (start -1.6 -0.8) (end 1.6 -0.8) (layer F.Fab) (width 0.1))
    (fp_line (start 1 -1.02) (end -1 -1.02) (layer F.SilkS) (width 0.12))
    (fp_line (start -1 1.02) (end 1 1.02) (layer F.SilkS) (width 0.12))
    (fp_line (start -2.25 -1.05) (end 2.25 -1.05) (layer F.CrtYd) (width 0.05))
    (fp_line (start -2.25 -1.05) (end -2.25 1.05) (layer F.CrtYd) (width 0.05))
    (fp_line (start 2.25 1.05) (end 2.25 -1.05) (layer F.CrtYd) (width 0.05))
    (fp_line (start 2.25 1.05) (end -2.25 1.05) (layer F.CrtYd) (width 0.05))
    (pad 1 smd rect (at -1.5 0 90) (size 1 1.6) (layers F.Cu F.Mask)
      (net 9 "Net-(C5-Pad1)"))
    (pad 2 smd rect (at 1.5 0 90) (size 1 1.6) (layers F.Cu F.Mask)
      (net 10 "Net-(C5-Pad2)"))
    (model Capacitors_SMD.3dshapes/C_1206.wrl
      (at (xyz 0 0 0))
      (scale (xyz 1 1 1))
      (rotate (xyz 0 0 0))
    )
  )

  (module Capacitors_SMD:C_1206 (layer B.Cu) (tedit 5A79CAFF) (tstamp 5A77FEB2)
    (at 234.142264 40.469304 270)
    (descr "Capacitor SMD 1206, reflow soldering, AVX (see smccp.pdf)")
    (tags "capacitor 1206")
    (path /5A77671C)
    (attr smd)
    (fp_text reference C6 (at 0 0 270) (layer B.SilkS)
      (effects (font (size 0.635 0.635) (thickness 0.1016)) (justify mirror))
    )
    (fp_text value 1n (at 0 -2 270) (layer B.Fab)
      (effects (font (size 1 1) (thickness 0.15)) (justify mirror))
    )
    (fp_text user %R (at 0 1.75 270) (layer B.Fab)
      (effects (font (size 1 1) (thickness 0.15)) (justify mirror))
    )
    (fp_line (start -1.6 -0.8) (end -1.6 0.8) (layer B.Fab) (width 0.1))
    (fp_line (start 1.6 -0.8) (end -1.6 -0.8) (layer B.Fab) (width 0.1))
    (fp_line (start 1.6 0.8) (end 1.6 -0.8) (layer B.Fab) (width 0.1))
    (fp_line (start -1.6 0.8) (end 1.6 0.8) (layer B.Fab) (width 0.1))
    (fp_line (start 1 1.02) (end -1 1.02) (layer B.SilkS) (width 0.12))
    (fp_line (start -1 -1.02) (end 1 -1.02) (layer B.SilkS) (width 0.12))
    (fp_line (start -2.25 1.05) (end 2.25 1.05) (layer B.CrtYd) (width 0.05))
    (fp_line (start -2.25 1.05) (end -2.25 -1.05) (layer B.CrtYd) (width 0.05))
    (fp_line (start 2.25 -1.05) (end 2.25 1.05) (layer B.CrtYd) (width 0.05))
    (fp_line (start 2.25 -1.05) (end -2.25 -1.05) (layer B.CrtYd) (width 0.05))
    (pad 1 smd rect (at -1.5 0 270) (size 1 1.6) (layers B.Cu B.Mask)
      (net 11 "Net-(C6-Pad1)"))
    (pad 2 smd rect (at 1.5 0 270) (size 1 1.6) (layers B.Cu B.Mask)
      (net 12 "Net-(C6-Pad2)"))
    (model Capacitors_SMD.3dshapes/C_1206.wrl
      (at (xyz 0 0 0))
      (scale (xyz 1 1 1))
      (rotate (xyz 0 0 0))
    )
  )

  (module Capacitors_SMD:C_1206 (layer F.Cu) (tedit 5A79BF87) (tstamp 5A77FEB8)
    (at 234.142264 45.15755 90)
    (descr "Capacitor SMD 1206, reflow soldering, AVX (see smccp.pdf)")
    (tags "capacitor 1206")
    (path /5A77679F)
    (attr smd)
    (fp_text reference C7 (at 0 0 90) (layer F.SilkS)
      (effects (font (size 0.635 0.635) (thickness 0.1016)))
    )
    (fp_text value 1n (at 0 2 90) (layer F.Fab)
      (effects (font (size 1 1) (thickness 0.15)))
    )
    (fp_text user %R (at 0 -1.75 90) (layer F.Fab)
      (effects (font (size 1 1) (thickness 0.15)))
    )
    (fp_line (start -1.6 0.8) (end -1.6 -0.8) (layer F.Fab) (width 0.1))
    (fp_line (start 1.6 0.8) (end -1.6 0.8) (layer F.Fab) (width 0.1))
    (fp_line (start 1.6 -0.8) (end 1.6 0.8) (layer F.Fab) (width 0.1))
    (fp_line (start -1.6 -0.8) (end 1.6 -0.8) (layer F.Fab) (width 0.1))
    (fp_line (start 1 -1.02) (end -1 -1.02) (layer F.SilkS) (width 0.12))
    (fp_line (start -1 1.02) (end 1 1.02) (layer F.SilkS) (width 0.12))
    (fp_line (start -2.25 -1.05) (end 2.25 -1.05) (layer F.CrtYd) (width 0.05))
    (fp_line (start -2.25 -1.05) (end -2.25 1.05) (layer F.CrtYd) (width 0.05))
    (fp_line (start 2.25 1.05) (end 2.25 -1.05) (layer F.CrtYd) (width 0.05))
    (fp_line (start 2.25 1.05) (end -2.25 1.05) (layer F.CrtYd) (width 0.05))
    (pad 1 smd rect (at -1.5 0 90) (size 1 1.6) (layers F.Cu F.Mask)
      (net 13 "Net-(C7-Pad1)"))
    (pad 2 smd rect (at 1.5 0 90) (size 1 1.6) (layers F.Cu F.Mask)
      (net 14 "Net-(C7-Pad2)"))
    (model Capacitors_SMD.3dshapes/C_1206.wrl
      (at (xyz 0 0 0))
      (scale (xyz 1 1 1))
      (rotate (xyz 0 0 0))
    )
  )

  (module Capacitors_SMD:C_1206 (layer B.Cu) (tedit 5A79CB09) (tstamp 5A77FEBE)
    (at 234.142264 45.168304 270)
    (descr "Capacitor SMD 1206, reflow soldering, AVX (see smccp.pdf)")
    (tags "capacitor 1206")
    (path /5A776822)
    (attr smd)
    (fp_text reference C8 (at 0 0 270) (layer B.SilkS)
      (effects (font (size 0.635 0.635) (thickness 0.1016)) (justify mirror))
    )
    (fp_text value 1n (at 0 -2 270) (layer B.Fab)
      (effects (font (size 1 1) (thickness 0.15)) (justify mirror))
    )
    (fp_text user %R (at 0 1.75 270) (layer B.Fab)
      (effects (font (size 1 1) (thickness 0.15)) (justify mirror))
    )
    (fp_line (start -1.6 -0.8) (end -1.6 0.8) (layer B.Fab) (width 0.1))
    (fp_line (start 1.6 -0.8) (end -1.6 -0.8) (layer B.Fab) (width 0.1))
    (fp_line (start 1.6 0.8) (end 1.6 -0.8) (layer B.Fab) (width 0.1))
    (fp_line (start -1.6 0.8) (end 1.6 0.8) (layer B.Fab) (width 0.1))
    (fp_line (start 1 1.02) (end -1 1.02) (layer B.SilkS) (width 0.12))
    (fp_line (start -1 -1.02) (end 1 -1.02) (layer B.SilkS) (width 0.12))
    (fp_line (start -2.25 1.05) (end 2.25 1.05) (layer B.CrtYd) (width 0.05))
    (fp_line (start -2.25 1.05) (end -2.25 -1.05) (layer B.CrtYd) (width 0.05))
    (fp_line (start 2.25 -1.05) (end 2.25 1.05) (layer B.CrtYd) (width 0.05))
    (fp_line (start 2.25 -1.05) (end -2.25 -1.05) (layer B.CrtYd) (width 0.05))
    (pad 1 smd rect (at -1.5 0 270) (size 1 1.6) (layers B.Cu B.Mask)
      (net 15 "Net-(C8-Pad1)"))
    (pad 2 smd rect (at 1.5 0 270) (size 1 1.6) (layers B.Cu B.Mask)
      (net 16 "Net-(C8-Pad2)"))
    (model Capacitors_SMD.3dshapes/C_1206.wrl
      (at (xyz 0 0 0))
      (scale (xyz 1 1 1))
      (rotate (xyz 0 0 0))
    )
  )

  (module Capacitors_SMD:C_1206 (layer F.Cu) (tedit 5A79C032) (tstamp 5A77FEC4)
    (at 210.082 42.672)
    (descr "Capacitor SMD 1206, reflow soldering, AVX (see smccp.pdf)")
    (tags "capacitor 1206")
    (path /5A77AC84)
    (attr smd)
    (fp_text reference C9 (at 0 0) (layer F.SilkS)
      (effects (font (size 0.635 0.635) (thickness 0.1016)))
    )
    (fp_text value 100n (at 0 2) (layer F.Fab)
      (effects (font (size 1 1) (thickness 0.15)))
    )
    (fp_text user %R (at 0 -1.75) (layer F.Fab)
      (effects (font (size 1 1) (thickness 0.15)))
    )
    (fp_line (start -1.6 0.8) (end -1.6 -0.8) (layer F.Fab) (width 0.1))
